0.000000000000000000e+00 1.242080038446349982e-01
1.000000000000000056e-01 1.398577543392942879e-01
2.000000000000000111e-01 3.327493877818481494e-01
3.000000000000000444e-01 3.538978601069200369e-01
4.000000000000000222e-01 3.311557466010865425e-01
5.000000000000000000e-01 4.311913381498762021e-01
6.000000000000000888e-01 6.040606492403216565e-01
7.000000000000000666e-01 7.035449406240482650e-01
8.000000000000000444e-01 8.024958314414366578e-01
9.000000000000000222e-01 7.962554713219126556e-01
1.000000000000000000e+00 1.010975248063225029e+00
1.100000000000000089e+00 7.226984544654750930e-01
1.200000000000000178e+00 8.655909833766652905e-01
1.300000000000000044e+00 1.011660369092675982e+00
1.400000000000000133e+00 1.039185432244857044e+00
1.500000000000000000e+00 9.199803196836230379e-01
1.600000000000000089e+00 9.907589611916780559e-01
1.700000000000000178e+00 9.925088166558064806e-01
1.800000000000000044e+00 1.055799452448496822e+00
1.900000000000000133e+00 9.474444479559847032e-01
2.000000000000000000e+00 1.020721806772799889e+00
2.100000000000000089e+00 8.257973329604612056e-01
2.200000000000000178e+00 7.126208274290559697e-01
2.300000000000000266e+00 8.010982322976186731e-01
2.400000000000000355e+00 7.372966110094218983e-01
2.500000000000000000e+00 5.128453726481774222e-01
2.600000000000000089e+00 6.593237217087321023e-01
2.700000000000000178e+00 5.958211978615083337e-01
2.800000000000000266e+00 3.918034102489353909e-02
2.900000000000000355e+00 3.261004253402546293e-01
3.000000000000000000e+00 2.696104944283649052e-02
3.100000000000000089e+00 8.109891449174108646e-03
3.200000000000000178e+00 -1.407665581388090614e-01
3.300000000000000266e+00 -3.281489499145803790e-02
3.400000000000000355e+00 -3.126462542378599663e-01
3.500000000000000000e+00 -5.091097487301268210e-01
3.600000000000000089e+00 -4.203308924707386263e-01
3.700000000000000178e+00 -3.720026203618284066e-01
3.800000000000000266e+00 -6.019805954420858196e-01
3.900000000000000355e+00 -6.729316142028999304e-01
4.000000000000000000e+00 -7.582040370728309053e-01
4.100000000000000533e+00 -8.386491949601049267e-01
4.200000000000000178e+00 -9.095203694730717991e-01
4.299999999999999822e+00 -8.558457165440412906e-01
4.400000000000000355e+00 -1.008972771626950982e+00
4.500000000000000000e+00 -9.236488306653500846e-01
4.600000000000000533e+00 -1.009460234372161258e+00
4.700000000000000178e+00 -9.717835608828991889e-01
4.800000000000000711e+00 -9.669675800113868291e-01
4.900000000000000355e+00 -1.012390534591167235e+00
5.000000000000000000e+00 -1.022281369548096785e+00
5.100000000000000533e+00 -9.729348703891849137e-01
5.200000000000000178e+00 -8.157004466658202002e-01
5.300000000000000711e+00 -9.249692805215354863e-01
5.400000000000000355e+00 -8.011168135056087047e-01
5.500000000000000000e+00 -4.655773973329153659e-01
5.600000000000000533e+00 -5.471256372869920392e-01
5.700000000000000178e+00 -5.789880215340149627e-01
5.800000000000000711e+00 -4.211821493280059059e-01
5.900000000000000355e+00 -4.911736978422722166e-01
6.000000000000000000e+00 -2.596091038436821874e-01
6.100000000000000533e+00 -9.382703516890132656e-02
6.200000000000000178e+00 8.829067838403452384e-02
6.300000000000000711e+00 -1.069162622140563956e-02
6.400000000000000355e+00 -2.968631031310656199e-02
6.500000000000000000e+00 2.641661225282856962e-01
6.600000000000000533e+00 3.431406070802118236e-01
6.700000000000000178e+00 6.553263527204905570e-01
6.800000000000000711e+00 5.950417097457668669e-01
6.900000000000000355e+00 6.546030594087408616e-01
7.000000000000000000e+00 7.412987525466916416e-01
7.100000000000000533e+00 6.430518485777604321e-01
7.200000000000000178e+00 8.737361967842532939e-01
7.300000000000000711e+00 8.795177265830967928e-01
7.400000000000000355e+00 9.598136236509964281e-01
7.500000000000000000e+00 1.122502169601462318e+00
7.600000000000000533e+00 9.356419973841986204e-01
7.700000000000000178e+00 9.445359171251499486e-01
7.800000000000000711e+00 9.650896867847347238e-01
7.900000000000000355e+00 8.456260134672476392e-01
8.000000000000000000e+00 9.903550004433618881e-01
8.099999999999999645e+00 9.175580068269892919e-01
8.200000000000001066e+00 1.037412533332632947e+00
8.300000000000000711e+00 9.943265906858210768e-01
8.400000000000000355e+00 8.638283121675124354e-01
8.500000000000000000e+00 6.660218461037722415e-01
8.599999999999999645e+00 8.539267662297356232e-01
8.700000000000001066e+00 7.516847617961468497e-01
8.800000000000000711e+00 5.833155995118747272e-01
8.900000000000000355e+00 6.297187410123860074e-01
9.000000000000000000e+00 4.499543692458484734e-01
9.099999999999999645e+00 3.643766292053699507e-01
9.200000000000001066e+00 -1.582576654740264210e-03
9.300000000000000711e+00 1.275844379495013614e-01
9.400000000000000355e+00 9.608204756670921109e-02
9.500000000000000000e+00 -2.281758055264511420e-02
9.600000000000001421e+00 -2.926404238844934613e-01
9.700000000000001066e+00 -4.501004036688848187e-01
9.800000000000000711e+00 -4.148678381711530805e-01
9.900000000000000355e+00 -4.331851603415191598e-01
